alignment-file-rated: its-mafft/M7816.fst
GLOCSA: 				856.1486643589118

meanColumnValue: 			0.8573982653013066
gapConcentration: 			4.033884630899556E-4
columnIncrementRatio: 			0.06288343558282206

meanGapBlockSize: 			1.6797095603065753
totalGapPositions: 			4164
numberGapBlocks: 			2479
columnsNotAligned: 			652
columnsAligned: 			693

estimatedEvents: 			483

substitutionEvents: 			418
inDelEvents: 				65

