alignment-file-rated: artificial-einsi/art-1.fst
GLOCSA: 				561.5798943964869

meanColumnValue: 			0.5614904718693285
gapConcentration: 			0.006289308176100629
columnIncrementRatio: 			0.0018181818181817189

meanGapBlockSize: 			28.37735849056604
totalGapPositions: 			4512
numberGapBlocks: 			159
columnsNotAligned: 			1100
columnsAligned: 			1102

estimatedEvents: 			859

substitutionEvents: 			770
inDelEvents: 				89

