alignment-file-rated: artificial-einsi/art-0.fst
GLOCSA: 				533.8284365393059

meanColumnValue: 			0.5337318181818179
gapConcentration: 			0.004830917874396135
columnIncrementRatio: 			0.0

meanGapBlockSize: 			28.89855072463768
totalGapPositions: 			5982
numberGapBlocks: 			207
columnsNotAligned: 			1100
columnsAligned: 			1100

estimatedEvents: 			805

substitutionEvents: 			696
inDelEvents: 				109

