alignment-file-rated: artificial-einsi/art-4.fst
GLOCSA: 				513.6941777323807

meanColumnValue: 			0.5135818181818189
gapConcentration: 			0.0056179775280898875
columnIncrementRatio: 			0.0

meanGapBlockSize: 			32.938202247191015
totalGapPositions: 			5863
numberGapBlocks: 			178
columnsNotAligned: 			1100
columnsAligned: 			1100

estimatedEvents: 			808

substitutionEvents: 			709
inDelEvents: 				99

