alignment-file-rated: artificial-einsi/art-26.fst
GLOCSA: 				565.9370730902477

meanColumnValue: 			0.565859800362975
gapConcentration: 			0.005681818181818182
columnIncrementRatio: 			0.0018181818181817189

meanGapBlockSize: 			25.051136363636363
totalGapPositions: 			4409
numberGapBlocks: 			176
columnsNotAligned: 			1100
columnsAligned: 			1102

estimatedEvents: 			879

substitutionEvents: 			774
inDelEvents: 				105

