alignment-file-rated: its-einsi/M4653.fst
GLOCSA: 				747.202392714729

meanColumnValue: 			0.7480471807575069
gapConcentration: 			8.375209380234506E-4
columnIncrementRatio: 			0.04307692307692301

meanGapBlockSize: 			1.6926298157453936
totalGapPositions: 			2021
numberGapBlocks: 			1194
columnsNotAligned: 			650
columnsAligned: 			678

estimatedEvents: 			308

substitutionEvents: 			241
inDelEvents: 				67

