alignment-file-rated: artificial-mafft/art-3.fst
GLOCSA: 				477.6142654459794

meanColumnValue: 			0.4781294169611309
gapConcentration: 			0.0033333333333333335
columnIncrementRatio: 			0.029090909090909056

meanGapBlockSize: 			23.506666666666668
totalGapPositions: 			7052
numberGapBlocks: 			300
columnsNotAligned: 			1100
columnsAligned: 			1132

estimatedEvents: 			891

substitutionEvents: 			766
inDelEvents: 				125

