alignment-file-rated: artificial-mafft/art-1.fst
GLOCSA: 				552.8942782137917

meanColumnValue: 			0.5530013489208625
gapConcentration: 			0.005555555555555556
columnIncrementRatio: 			0.01090909090909098

meanGapBlockSize: 			27.783333333333335
totalGapPositions: 			5001
numberGapBlocks: 			180
columnsNotAligned: 			1100
columnsAligned: 			1112

estimatedEvents: 			915

substitutionEvents: 			808
inDelEvents: 				107

