alignment-file-rated: artificial-mafft/art-8.fst
GLOCSA: 				536.1383342091425

meanColumnValue: 			0.5360227272727264
gapConcentration: 			0.005780346820809248
columnIncrementRatio: 			0.0

meanGapBlockSize: 			31.21965317919075
totalGapPositions: 			5401
numberGapBlocks: 			173
columnsNotAligned: 			1100
columnsAligned: 			1100

estimatedEvents: 			817

substitutionEvents: 			717
inDelEvents: 				100

