alignment-file-rated: artificial-dcca-10/art-21.fst
GLOCSA: 				530.3963751772386

meanColumnValue: 			0.5303312159709626
gapConcentration: 			0.005076142131979695
columnIncrementRatio: 			0.0018181818181817189

meanGapBlockSize: 			26.96446700507614
totalGapPositions: 			5312
numberGapBlocks: 			197
columnsNotAligned: 			1100
columnsAligned: 			1102

estimatedEvents: 			826

substitutionEvents: 			731
inDelEvents: 				95

