alignment-file-rated: artificial-dcca-10/art-20.fst
GLOCSA: 				540.7043135435988

meanColumnValue: 			0.5406022727272723
gapConcentration: 			0.00510204081632653
columnIncrementRatio: 			0.0

meanGapBlockSize: 			27.627551020408163
totalGapPositions: 			5415
numberGapBlocks: 			196
columnsNotAligned: 			1100
columnsAligned: 			1100

estimatedEvents: 			833

substitutionEvents: 			735
inDelEvents: 				98

