alignment-file-rated: artificial-dcca-10/art-27.fst
GLOCSA: 				564.3497474747487

meanColumnValue: 			0.5642386363636376
gapConcentration: 			0.005555555555555556
columnIncrementRatio: 			0.0

meanGapBlockSize: 			26.738888888888887
totalGapPositions: 			4813
numberGapBlocks: 			180
columnsNotAligned: 			1100
columnsAligned: 			1100

estimatedEvents: 			879

substitutionEvents: 			768
inDelEvents: 				111

