alignment-file-rated: artificial-dcca-10/art-29.fst
GLOCSA: 				560.0944717444726

meanColumnValue: 			0.5599863636363644
gapConcentration: 			0.005405405405405406
columnIncrementRatio: 			0.0

meanGapBlockSize: 			28.6
totalGapPositions: 			5291
numberGapBlocks: 			185
columnsNotAligned: 			1100
columnsAligned: 			1100

estimatedEvents: 			782

substitutionEvents: 			692
inDelEvents: 				90

