alignment-file-rated: artificial-dcca-10/art-23.fst
GLOCSA: 				547.6631916996047

meanColumnValue: 			0.5476222826086956
gapConcentration: 			0.005681818181818182
columnIncrementRatio: 			0.0036363636363636598

meanGapBlockSize: 			23.994318181818183
totalGapPositions: 			4223
numberGapBlocks: 			176
columnsNotAligned: 			1100
columnsAligned: 			1104

estimatedEvents: 			900

substitutionEvents: 			810
inDelEvents: 				90

