alignment-file-rated: artificial-dcca-10/art-26.fst
GLOCSA: 				566.3977272727257

meanColumnValue: 			0.5662840909090893
gapConcentration: 			0.005681818181818182
columnIncrementRatio: 			0.0

meanGapBlockSize: 			24.84090909090909
totalGapPositions: 			4372
numberGapBlocks: 			176
columnsNotAligned: 			1100
columnsAligned: 			1100

estimatedEvents: 			866

substitutionEvents: 			764
inDelEvents: 				102

